0
1076
1468710
1468711
1468714
1468715
1468716
1468718
1468719
1468723
1468725
1468726
1468727
1468728
1468729
1468739
1468764
1468766
1468767
1468768
1468769
147
1596418
1596420
1596421
1596422
1596423
1596424
1596425
1596426
1596427
1596428
1596429
1596431
1596432
1596434
1596437
1596438
1596440
1596441
1596442
1596443
1596445
1596448
1605653
1625135
1636303
1636305
1636307
1664344
1664345
1664347
167
1673582
1677718
1677913
1677914
1677915
1677917
1677962
1677971
1677972
1679169
1679170
1679178
1679181
1679182
1679190
1679192
1679193
1679850
1696501
1696503
1696504
1696516
1696517
1696528
1696530
1696531
1696540
1696542
1696543
1698282
1698284
1698285
1698286
1698287
1698290
1698292
1698299
1698300
1698301
1698303
1698326
1698327
1698331
1698333
1698337
1698344
1698345
1698346
1698351
1698355
1698366
1698367
1698369
1698371
1698462
1698463
1698464
1698466
1698469
1698474
1698508
1698519
1698526
1698542
1700429
1702525
1702526
1702527
1702712
1702714
1702715
1702724
1702726
1702727
1702739
1702740
1702886
1881
2034043
2034046
2034050
2034061
2034062
2034065
2034066
2034071
2034086
2041531
2041533
2041534
2041536
2041537
2041644
2041854
2041864
2041937
2042411
2043178
2044841
2044947
2044949
2044950
2045245
2045314
2045325
2045328
2045329
2046018
2046551
2046552
2046740
2046771
2046772
2046963
2046964
2046969
2047119
2047170
2047172
2047173
2047174
2047465
2047645
2047646
2047675
2047935
2047937
2048308
2048325
2050446
2050447
2050451
2050464
2050492
2050515
2050516
2050536
2051283
2051290
2051291
2051312
2051317
2051366
2051585
2051883
2051963
2051964
2052027
2052039
2052049
2052054
2052060
2052070
2052197
2052200
2052202
2052204
2052205
2052206
2052247
2052268
2053246
2053249
2053289
2053315
2053317
2053922
2054172
2054175
2054436
2054897
2055414
2055415
2055470
2055489
2055526
2055527
2056016
2056116
2056814
2056815
2056816
2056817
2056818
2056819
2057266
2057267
2057640
2057641
2057737
2057885
2057886
2057896
2058883
2058891
2058912
2058916
2059707
2060182
2060497
2060499
2060500
2061669
2062351
2062352
2062353
2062354
2062510
2062991
2064555
2064556
2064630
2064671
2064796
2064931
2064974
2065054
2065154
2067035
2139156
2145092
2171217
2176696
2179913
220
221
2258336
2258337
2258800
2263618
2265243
2265244
2265246
2284653
2284654
2286379
2301752
2303283
2305647
2317030
2322090
2332075
2334216
2334217
2334218
2349526
2349624
2352135
2364922
2380357
2380535
2381386
2381387
2386202
2455605
2456522
2484108
2484109
2484110
2484112
2484113
2484114
2486515
2486574
2498
2499
2500
2501
2503
2504
2505
2569
2679
2725
2759
2760
284
2919
3663
3665
3896
3897
3899
4018
4068
4069
4340
4901
492
4954
4979
5015
5125
5297
5371
5372
5374
5408
5411
5414
5466
563
573
5817
5830
5831
5884
5924
5938
5945
5969
5986
6014
6016
6109
6110
6111
6120
6121
6122
6124
6125
711
760
