1
1000001
1000002
1000003
1000004
1000005
1000006
1000007
1000008
1468660
1468746
1468747
1468748
1468749
1468750
1468751
1468752
1468754
1468755
1468756
1468757
1564323
1564324
1625113
1637
1638
1641
1655155
1657252
1657988
1671426
1677721
1677722
1677944
1677948
1677950
1679177
1679189
1679203
1680204
1680206
1680308
1680309
1680310
1680311
1680312
1680313
1680314
1685
1695236
1696513
1696527
1696539
1698328
1698335
1699688
1700425
1700426
1702510
1702511
1702512
1702513
1702514
1702515
1702516
1702518
1702519
1702651
1702711
1702723
1702898
1703029
1717
1721
1722
1723
1744
1989
2034048
2034049
2034059
2034078
2034079
2034080
2034081
2041521
2041550
2041612
2041816
2041818
2041836
2041865
2042225
2042226
2042434
2042518
2042581
2042616
2042618
2042619
2042765
2042768
2042770
2042771
2042772
2042872
2043032
2043073
2043183
2043216
2043519
2043520
2044185
2044186
2044187
2044189
2044190
2044191
2044192
2044193
2044781
2044782
2044783
2045298
2045313
2045370
2045573
2045576
2045937
2045961
2046011
2046445
2046446
2046732
2046791
2047524
2047688
2047936
2048038
2048309
2048310
2048316
2050450
2050517
2050519
2050577
2050578
2050657
2050757
2050867
2050885
2050897
2050898
2050899
2050901
2050903
2051102
2051319
2051322
2051337
2051457
2051541
2051542
2051583
2051591
2051596
2051598
2051640
2051641
2051642
2051643
2051899
2051944
2052119
2052122
2052191
2052193
2052238
2052245
2052249
2052256
2052261
2052270
2052317
2052375
2052376
2052542
2053260
2053283
2053410
2053460
2053508
2053509
2053510
2053512
2053587
2053742
2054032
2054035
2054079
2054116
2054574
2054717
2054878
2055218
2055473
2055845
2056017
2056057
2056193
2056350
2057250
2057253
2057254
2057530
2057732
2057883
2057889
2057890
2058439
2058484
2058507
2059564
2059706
2059783
2059784
2059933
2059934
2059935
2059940
2059941
2059942
2059943
2059944
2059945
2059947
2059948
2059949
2059950
2059951
2059952
2059953
2059954
2059955
2059956
2059957
2059958
2059959
2059960
2059961
2059962
2059963
2059964
2059965
2059966
2059967
2059968
2059969
2059996
2060162
2060181
2060277
2060280
2060370
2060371
2060397
2060477
2060479
2060512
2060514
2060549
2060634
2060686
2060761
2060765
2060831
2060888
2060914
2060944
2060949
2061077
2061167
2061168
2061169
2061498
2061499
2061500
2061539
2061622
2061652
2061692
2061819
2061820
2062218
2063313
2063314
2063955
2064409
2065262
2065859
2066325
2116194
2127
2174545
2174552
2174554
2174555
2174557
2174562
2179299
2189159
2224554
2228977
2239136
2245348
2274
2309073
2309692
2309693
2309694
2309695
2309696
2309743
2323847
2329874
2334221
2334524
2341971
2341972
2341973
2341974
2341975
2341976
2341977
2341978
2341979
2341980
2343794
2343813
2344379
2344380
23514
2351447
2351460
2367844
23709
237094
2376289
2379908
2380231
2380536
2380779
2380865
2380866
2380868
2381081
2387279
2387837
2481920
2497
2682
2684
2706
285
3031
3034
3283
3284
3285
3286
3291
3292
3756
3859
3862
3863
3910
3911
3913
3942
4010
4011
4110
4295
4506
4522
4528
4634
4737
4758
4769
4958
4970
4978
4999
5360
5387
5395
5400
5419
5506
5780
6103